2361431511895695896
328283263115004590672631140582161956522920465959962141178403
2329117857136501573228055678093142961642
19241083963265956878411656144211182633726341637663045880562
28454991813167261547664787032285019369160580604928213768741595342704
9522526641445278137279118568528391920867797756371908670806
111929361719360471222797354106595001949282362119017924084041817816157
195523519832343802362238118690409689613956097592128168034909698531
142592355289698591311131481544994098512257654922285019369
316537754131329939163425033527531802712990220926
29367878911473289666303470739618296347131931245661
21015008556548384442247797299278591853033247548643109611162
79943159014933747452879764075301266546414933747452992640582
2908505631305820181921600682112568120471
220925813435902031182630134510
281928279033892317997365138742160068211
20326335382072313048230028933118320453519416371362226317202
2993257511269298016319893225312992759060
2856035983266379480220671546013126945021492352797
12703524112420419022
2891445164218452960818104050912403107546
258909344328328018052067451219
2466606963168530198324861474811711404468
139170924524916855412992759060
1792408404213411409634585852732178109478
3109611162
213411409310961116227955409552209932801
253893590611131481542637413218
32127267953104746381
2231562373267760140027328351318059934382046595996
190367459623297575831017169170
191662971312257654922840973156
2329757583
490944212072313048263741321813762371096
33788015611636754698
4948592902966219954
1259761197
268652836913956097592785918530
33153908592737129778
250398093325890934431797107758
27743695453063633653
2592569114
24071486712823621190
1055068755
577485569
2803446513
19086376231766195574
3552236377
3349231912
3434463552
2721577645
21474836473253683641
1061045372

3109436061
1804655674
1255342964
1293912026
2813605747
3124686879
2546547651
1020067288
1469935990
3469135755
294227796
483116038
1113677655
2861763603
2472942501
1940459237 

3122432625
3495107053
2580366202
1755942558
2154635837
2016785372
3528244641
791868392
3060829580
1322935162
2352380135
1797087750
3277460855
3052356624
3445991872
2829254011
3051946752
1580567289
472348667
2100580970
977654696
1158257746
859840172
366649648
2781518538
2461489510
2319228531
2710270287
2350403561
867675253
1592399616
654260339
2200202202
863513408
16671500
990991947
2554914970
3073809072
728523261
$comeqq=="867675252" || $comeqq=="863513408" || $comeqq=="16671500" || $comeqq=="990991947" || $comeqq=="952252664" || $comeqq=="2554914970" || $comeqq=="1158257746" || 

$comeqq=="208231404" || $comeqq=="2383997151" || $comeqq=="743191696" || $comeqq=="2357531986" || $comeqq=="499240884" || $comeqq=="1206492753" || $comeqq=="2372596244" || 

$comeqq=="3314239930"
1934266774


